For image 0 Distances: [[272.21503 282.83643 291.2032  158.64954 229.32524]
 [157.70828 107.31825 188.96265 180.10852 238.3537 ]
 [131.79918 206.20216  63.8293  195.29121 219.60274]
 [181.242   214.47159 219.49033 140.66864 242.67499]
 [ 65.94546 170.40298 121.48324 178.57623 236.27951]]
For image 1 Distances: [[113.10875  218.1927    72.66427   62.121277  37.942917]
 [146.02594  114.42105  134.21112  131.0142   129.07776 ]
 [130.7052   194.70943   63.135357 107.54346  116.32506 ]
 [118.82296  141.83437  105.49727   97.085205 112.000336]
 [143.29434  246.94043  100.37204   85.1258    37.57145 ]]
