For image 0 Distances: [[ 200.58011 1004.5392   814.0933   548.13135  448.70786]
 [ 316.94827  919.2298   929.432    600.3288   430.0627 ]
 [ 737.5165  1041.5166   825.8145   620.5235   684.8645 ]
 [2070.3137  1625.2333  1502.3591  1497.8608  2002.479  ]
 [ 316.86557 1017.2483   929.46576  526.76245  251.31497]]
For image 1 Distances: [[ 335.33755  418.4545   527.2722   437.6317   455.55484]
 [ 244.66745  230.6138   735.4815   355.994    168.26836]
 [1675.337   1837.4146   769.7839  1396.8679  1777.3988 ]
 [1513.0568  1652.343    782.40405 1117.4222  1591.1743 ]
 [ 299.61197  255.45758  747.15753  428.20752  213.99469]]
