For image 0 Distances: [[202.97002 177.72713 279.23364 217.11324 224.96387]
 [402.5459  243.93124 146.81503 395.96002 170.2393 ]
 [280.01984 130.8605  128.68109 273.1236  145.93837]
 [241.54703 164.70033 238.84064 144.72133 223.72894]
 [272.02896  84.09015 164.95189 219.62991  93.36727]]
For image 1 Distances: [[ 138.75372  360.72864  346.23782  406.14325  377.28558]
 [ 772.287    444.45374  551.121   1216.4362   610.92926]
 [ 301.20724  306.8646   133.65623  515.0831   362.42386]
 [ 639.54285  835.1333   907.3996   200.67162  783.56805]
 [ 300.81125  344.63373  420.17242  273.37262  205.7139 ]]
