For image 0 Distances: [[146.90027  165.3703   241.21655  169.75076  146.05753 ]
 [132.32559   45.22384  155.86574  141.71875  112.97638 ]
 [100.67948  193.37656   58.473625  91.392815 130.26389 ]
 [ 44.639805  98.23042  100.94458   40.612312  65.39092 ]
 [ 92.382095 115.81525  137.8077    99.806244  61.83548 ]]
For image 1 Distances: [[ 67.05004  132.1189    56.273567  38.60336   78.20045 ]
 [ 84.36      56.238102 136.84969   85.88306   88.70086 ]
 [102.2818   133.3794    30.943705  91.62011  108.08318 ]
 [ 76.30277  118.12528   53.729336  24.689362  83.819466]
 [105.050896 138.54375  114.777985 116.77893   91.69708 ]]
