For image 0 Distances: [[ 35.134686 122.22328  166.20578  153.1291    42.313736]
 [143.31406   64.477196 126.365585 175.3112   128.96425 ]
 [177.96188  145.71268  104.98033  128.07428  126.42777 ]
 [198.82034  196.00603  167.61574   82.36578  135.42046 ]
 [ 66.74751  118.06842  200.18958  199.86406   83.2312  ]]
For image 1 Distances: [[103.441605 101.1549   147.3328   102.11066  119.43209 ]
 [146.78027  132.32904   93.67761  111.1951   123.7195  ]
 [107.146    115.13841   64.83686  107.88587  128.6249  ]
 [130.67767  107.05349  147.79625  137.8085   121.730644]
 [167.49615  134.98914  131.25116  136.25813  113.94479 ]]
