For image 0 Distances: [[ 73.53341  161.85733  139.92746  111.88867  106.9182  ]
 [ 94.17695   79.92445  101.2012    76.734024 101.008545]
 [118.776855 122.61892   83.70734  153.89401  127.59041 ]
 [167.21301  137.49712  145.78795   80.17951  173.01413 ]
 [117.84377  176.92087  130.15149  125.84425   63.63932 ]]
For image 1 Distances: [[ 89.23357  102.30773  117.710175 136.75345  106.58665 ]
 [132.1663    82.16812  179.41331  186.34756  168.84671 ]
 [ 93.58974  163.36548   52.786415 115.98495   85.42249 ]
 [122.150955 200.26926  153.7358    74.82162  114.013855]
 [ 84.3662   146.5337   124.44455  122.16935   78.59477 ]]
