For image 0 Distances: [[200.24867 149.50282 135.3981  223.67319 159.87755]
 [243.27954 162.84384 173.67128 311.5243  302.46426]
 [212.41911 225.90994 191.76251 233.48724 202.4766 ]
 [181.47314 210.72342 245.483   165.33144 208.05559]
 [168.3801  252.3902  189.70511 213.37006 100.66395]]
For image 1 Distances: [[274.4015  147.57613 312.27765 188.54024 175.70715]
 [282.38202  96.4344  322.11047 132.73265 135.79759]
 [202.32657 161.1199  205.54234 221.27696 162.21028]
 [197.88535 164.47055 273.16653  69.42605 158.49655]
 [237.58307 176.03082 214.1498  216.65227 189.73438]]
