For image 0 Distances: [[ 49.874847  81.04016  173.4107   155.8154   112.25424 ]
 [ 85.49514   65.83453  149.2685   153.18289   92.61747 ]
 [129.21454  142.4141    71.30297  113.78043  158.00287 ]
 [150.99855  153.34071   98.966805  77.03132  166.15018 ]
 [ 95.51885   85.56925  166.83739  155.2302    51.892513]]
For image 1 Distances: [[ 44.45966   89.54634  133.63239  155.01997  109.86604 ]
 [ 83.04539   85.77804  122.31825  154.33788  121.016525]
 [131.81308  122.86284   99.974396 165.7064   129.38329 ]
 [145.75523  128.9476   142.85605   63.706757 120.27713 ]
 [171.31326  137.88068  175.18127  152.78508  107.02058 ]]
